#time precipitation
0 0.000709176063537598
3600 0.000862002372741699
7200 0.00110340118408203
10800 0.000636577606201172
14400 0.000486373901367188
18000 0.000510454177856445
21600 0.000371217727661133
25200 0.000475168228149414
28800 0.000354766845703125
32400 0.000265955924987793
36000 0.000202298164367676
39600 6.50882720947266E-05
43200 4.17232513427734E-05
46800 4.27961349487305E-05
50400 4.27961349487305E-09
54000 4.27961349487305E-09
57600 4.27961349487305E-09
61200 4.27961349487305E-15
64800 4.27961349487305E-15
68400 4.27961349487305E-15
72000 4.27961349487305E-15
75600 4.27961349487305E-15
79200 4.27961349487305E-15
82800 4.27961349487305E-15
