# seconds precipitation [m]
0 0.0000000000
600 0.0000000000
1200 0.0000000000
1800 0.0000000000
2400 0.0000000000
3000 0.0000000000
3600 0.0000000000
4200 0.0000000000
4800 0.0000000000
5400 0.0000000000
6000 0.0000000000
6600 0.0000000000
7200 0.0000000000
7800 0.0000000000
8400 0.0000000000
9000 0.0000000000
9600 0.0000000000
10200 0.0000000000
10800 0.0000000000
11400 0.0000000000
12000 0.0000000000
12600 0.0000000000
13200 0.0000000000
13800 0.0000000000
14400 0.0000000000
15000 0.0000000000
15600 0.0000000000
16200 0.0000000000
16800 0.0000000000
17400 0.0000000000
18000 0.0000000000
18600 0.0000000000
19200 0.0000000000
19800 0.0000000000
20400 0.0000000000
21000 0.0000000000
21600 0.0000000000
22200 0.0000000000
22800 0.0000000000
23400 0.0000000000
24000 0.0001000000
24600 0.0002000000
25200 0.0000000000
25800 0.0000000000
26400 0.0000000000
27000 0.0000000000
27600 0.0000000000
28200 0.0000000000
28800 0.0000000000
29400 0.0000000000
30000 0.0000000000
30600 0.0000000000
31200 0.0000000000
31800 0.0000000000
32400 0.0000000000
33000 0.0000000000
33600 0.0000000000
34200 0.0000000000
34800 0.0000000000
35400 0.0000000000
36000 0.0000000000
36600 0.0000000000
37200 0.0000000000
37800 0.0000000000
38400 0.0000000000
39000 0.0000000000
39600 0.0000000000
40200 0.0000000000
40800 0.0000000000
41400 0.0000000000
42000 0.0000000000
42600 0.0000000000
43200 0.0000000000
43800 0.0000000000
44400 0.0000000000
45000 0.0000000000
45600 0.0000000000
46200 0.0000000000
46800 0.0000000000
47400 0.0000000000
48000 0.0000000000
48600 0.0000000000
49200 0.0000000000
49800 0.0000000000
50400 0.0000000000
51000 0.0000000000
51600 0.0000000000
52200 0.0000000000
52800 0.0000000000
53400 0.0000000000
54000 0.0000000000
54600 0.0000000000
55200 0.0000000000
55800 0.0006000000
56400 0.0008000000
57000 0.0006000000
57600 0.0004000000
58200 0.0002000000
58800 0.0002000000
59400 0.0002000000
60000 0.0002000000
60600 0.0006000000
61200 0.0004000000
61800 0.0002000000
62400 0.0000000000
63000 0.0000000000
63600 0.0000000000
64200 0.0000000000
64800 0.0000000000
65400 0.0000000000
66000 0.0000000000
66600 0.0000000000
67200 0.0000000000
67800 0.0000000000
68400 0.0000000000
69000 0.0000000000
69600 0.0000000000
70200 0.0000000000
70800 0.0000000000
71400 0.0000000000
72000 0.0000000000
72600 0.0000000000
73200 0.0000000000
73800 0.0000000000
74400 0.0000000000
75000 0.0000000000
75600 0.0000000000
76200 0.0000000000
76800 0.0000000000
77400 0.0000000000
78000 0.0000000000
78600 0.0000000000
79200 0.0000000000
79800 0.0000000000
80400 0.0000000000
81000 0.0000000000
81600 0.0000000000
82200 0.0000000000
82800 0.0000000000
83400 0.0000000000
84000 0.0000000000
84600 0.0000000000
85200 0.0000000000
85800 0.0000000000
86400 0.0000000000
87000 0.0000000000
87600 0.0000000000
88200 0.0000000000
88800 0.0000000000
89400 0.0000000000
90000 0.0000000000
90600 0.0000000000
91200 0.0000000000
91800 0.0000000000
92400 0.0000000000
93000 0.0000000000
93600 0.0000000000
94200 0.0000000000
94800 0.0000000000
95400 0.0000000000
96000 0.0000000000
96600 0.0000000000
97200 0.0000000000
97800 0.0000000000
98400 0.0000000000
99000 0.0000000000
99600 0.0000000000
100200 0.0000000000
100800 0.0000000000
101400 0.0000000000
102000 0.0000000000
102600 0.0000000000
103200 0.0000000000
103800 0.0000000000
104400 0.0000000000
105000 0.0000000000
105600 0.0000000000
106200 0.0000000000
106800 0.0000000000
107400 0.0000000000
108000 0.0000000000
108600 0.0000000000
109200 0.0000000000
109800 0.0000000000
110400 0.0000000000
111000 0.0000000000
111600 0.0000000000
112200 0.0000000000
112800 0.0000000000
113400 0.0000000000
114000 0.0000000000
114600 0.0000000000
115200 0.0000000000
115800 0.0000000000
116400 0.0000000000
117000 0.0000000000
117600 0.0000000000
118200 0.0000000000
118800 0.0000000000
119400 0.0000000000
120000 0.0000000000
120600 0.0000000000
121200 0.0000000000
121800 0.0000000000
122400 0.0000000000
123000 0.0000000000
123600 0.0000000000
124200 0.0000000000
124800 0.0000000000
125400 0.0000000000
126000 0.0000000000
126600 0.0000000000
127200 0.0000000000
127800 0.0000000000
128400 0.0000000000
129000 0.0000000000
129600 0.0000000000
130200 0.0000000000
130800 0.0000000000
131400 0.0000000000
132000 0.0000000000
132600 0.0000000000
133200 0.0000000000
133800 0.0000000000
134400 0.0000000000
135000 0.0000000000
135600 0.0000000000
136200 0.0000000000
136800 0.0000000000
137400 0.0000000000
138000 0.0000000000
138600 0.0000000000
139200 0.0000000000
139800 0.0000000000
140400 0.0000000000
141000 0.0000000000
141600 0.0000000000
142200 0.0000000000
142800 0.0000000000
143400 0.0000000000
144000 0.0000000000
144600 0.0000000000
145200 0.0000000000
145800 0.0000000000
146400 0.0000000000
147000 0.0000000000
147600 0.0000000000
148200 0.0000000000
148800 0.0000000000
149400 0.0000000000
150000 0.0000000000
150600 0.0000000000
151200 0.0028000000
151800 0.0010000000
152400 0.0000000000
153000 0.0000000000
153600 0.0000000000
154200 0.0000000000
154800 0.0000000000
155400 0.0000000000
156000 0.0002000000
156600 0.0002000000
157200 0.0002000000
157800 0.0002000000
158400 0.0002000000
159000 0.0004000000
159600 0.0002000000
160200 0.0004000000
160800 0.0004000000
161400 0.0002000000
162000 0.0002000000
162600 0.0002000000
163200 0.0004000000
163800 0.0004000000
164400 0.0002000000
165000 0.0002000000
165600 0.0000000000
166200 0.0002000000
166800 0.0002000000
167400 0.0002000000
168000 0.0000000000
168600 0.0002000000
169200 0.0000000000
169800 0.0002000000
170400 0.0000000000
171000 0.0000000000
171600 0.0000000000
172200 0.0000000000
172800 0.0000000000
173400 0.0000000000
174000 0.0000000000
174600 0.0000000000
175200 0.0000000000
175800 0.0000000000
176400 0.0000000000
177000 0.0000000000
177600 0.0000000000
178200 0.0000000000
178800 0.0000000000
179400 0.0000000000
180000 0.0000000000
180600 0.0000000000
181200 0.0000000000
181800 0.0000000000
182400 0.0000000000
183000 0.0000000000
183600 0.0000000000
184200 0.0000000000
184800 0.0000000000
185400 0.0000000000
186000 0.0000000000
186600 0.0000000000
187200 0.0000000000
187800 0.0000000000
188400 0.0000000000
189000 0.0000000000
189600 0.0000000000
190200 0.0000000000
190800 0.0000000000
191400 0.0000000000
192000 0.0000000000
192600 0.0000000000
193200 0.0000000000
193800 0.0000000000
194400 0.0000000000
195000 0.0000000000
195600 0.0000000000
196200 0.0000000000
196800 0.0000000000
197400 0.0002000000
198000 0.0000000000
198600 0.0000000000
199200 0.0000000000
199800 0.0000000000
200400 0.0000000000
201000 0.0000000000
201600 0.0000000000
202200 0.0000000000
202800 0.0000000000
203400 0.0000000000
204000 0.0000000000
204600 0.0000000000
205200 0.0000000000
205800 0.0000000000
206400 0.0000000000
207000 0.0000000000
207600 0.0000000000
208200 0.0000000000
208800 0.0000000000
209400 0.0000000000
210000 0.0000000000
210600 0.0000000000
211200 0.0000000000
211800 0.0000000000
212400 0.0000000000
213000 0.0000000000
213600 0.0000000000
214200 0.0000000000
214800 0.0000000000
215400 0.0000000000
216000 0.0000000000
216600 0.0000000000
217200 0.0000000000
217800 0.0000000000
218400 0.0000000000
219000 0.0000000000
219600 0.0000000000
220200 0.0000000000
220800 0.0000000000
221400 0.0000000000
222000 0.0000000000
222600 0.0000000000
223200 0.0000000000
223800 0.0000000000
224400 0.0000000000
225000 0.0000000000
225600 0.0000000000
226200 0.0000000000
226800 0.0000000000
227400 0.0000000000
228000 0.0000000000
228600 0.0000000000
229200 0.0000000000
229800 0.0000000000
230400 0.0000000000
231000 0.0000000000
231600 0.0000000000
232200 0.0000000000
232800 0.0000000000
233400 0.0000000000
234000 0.0000000000
234600 0.0000000000
235200 0.0000000000
235800 0.0000000000
236400 0.0000000000
237000 0.0000000000
237600 0.0000000000
238200 0.0000000000
238800 0.0000000000
239400 0.0000000000
240000 0.0000000000
240600 0.0000000000
241200 0.0000000000
241800 0.0000000000
242400 0.0000000000
243000 0.0000000000
243600 0.0000000000
244200 0.0000000000
244800 0.0002000000
245400 0.0002000000
246000 0.0000000000
246600 0.0000000000
247200 0.0000000000
247800 0.0002000000
248400 0.0002000000
249000 0.0000000000
249600 0.0000000000
250200 0.0000000000
250800 0.0000000000
251400 0.0000000000
252000 0.0000000000
252600 0.0000000000
253200 0.0006000000
253800 0.0006000000
254400 0.0010000000
255000 0.0012000000
255600 0.0010000000
256200 0.0006000000
256800 0.0008000000
257400 0.0006000000
258000 0.0004000000
258600 0.0004000000
259200 0.0004000000
259800 0.0000000000
260400 0.0000000000
261000 0.0000000000
261600 0.0000000000
262200 0.0000000000
262800 0.0000000000
263400 0.0002000000
264000 0.0000000000
264600 0.0000000000
265200 0.0000000000
265800 0.0000000000
266400 0.0000000000
267000 0.0000000000
267600 0.0000000000
268200 0.0000000000
268800 0.0000000000
269400 0.0000000000
270000 0.0000000000
270600 0.0000000000
271200 0.0000000000
271800 0.0000000000
272400 0.0000000000
273000 0.0000000000
273600 0.0000000000
274200 0.0000000000
274800 0.0000000000
275400 0.0000000000
276000 0.0000000000
276600 0.0000000000
277200 0.0000000000
277800 0.0000000000
278400 0.0000000000
279000 0.0000000000
279600 0.0000000000
280200 0.0000000000
280800 0.0000000000
281400 0.0000000000
282000 0.0000000000
282600 0.0000000000
283200 0.0000000000
283800 0.0000000000
284400 0.0000000000
285000 0.0000000000
285600 0.0000000000
286200 0.0000000000
286800 0.0000000000
287400 0.0000000000
288000 0.0000000000
288600 0.0000000000
289200 0.0000000000
289800 0.0000000000
290400 0.0000000000
291000 0.0000000000
291600 0.0000000000
292200 0.0000000000
292800 0.0000000000
293400 0.0000000000
294000 0.0000000000
294600 0.0000000000
295200 0.0000000000
295800 0.0000000000
296400 0.0000000000
297000 0.0000000000
297600 0.0000000000
298200 0.0000000000
298800 0.0000000000
299400 0.0000000000
300000 0.0000000000
300600 0.0000000000
301200 0.0000000000
301800 0.0000000000
302400 0.0000000000
303000 0.0000000000
303600 0.0000000000
304200 0.0000000000
304800 0.0000000000
305400 0.0000000000
306000 0.0000000000
306600 0.0002000000
307200 0.0000000000
307800 0.0002000000
308400 0.0000000000
309000 0.0000000000
309600 0.0000000000
310200 0.0000000000
310800 0.0000000000
311400 0.0000000000
312000 0.0000000000
312600 0.0000000000
313200 0.0000000000
313800 0.0000000000
314400 0.0000000000
315000 0.0000000000
315600 0.0000000000
316200 0.0000000000
316800 0.0000000000
317400 0.0000000000
318000 0.0000000000
318600 0.0000000000
319200 0.0000000000
319800 0.0000000000
320400 0.0000000000
321000 0.0000000000
321600 0.0000000000
322200 0.0000000000
322800 0.0000000000
323400 0.0000000000
324000 0.0000000000
324600 0.0000000000
325200 0.0000000000
325800 0.0000000000
326400 0.0000000000
327000 0.0000000000
327600 0.0000000000
328200 0.0000000000
328800 0.0000000000
329400 0.0000000000
330000 0.0000000000
330600 0.0000000000
331200 0.0000000000
331800 0.0000000000
332400 0.0000000000
333000 0.0000000000
333600 0.0000000000
334200 0.0000000000
334800 0.0000000000
335400 0.0000000000
336000 0.0000000000
336600 0.0000000000
337200 0.0000000000
337800 0.0000000000
338400 0.0000000000
339000 0.0000000000
339600 0.0000000000
340200 0.0000000000
340800 0.0000000000
341400 0.0000000000
342000 0.0000000000
342600 0.0000000000
343200 0.0000000000
343800 0.0000000000
344400 0.0000000000
345000 0.0000000000
345600 0.0000000000
346200 0.0000000000
346800 0.0000000000
347400 0.0000000000
348000 0.0000000000
348600 0.0000000000
349200 0.0000000000
349800 0.0000000000
350400 0.0000000000
351000 0.0000000000
351600 0.0000000000
352200 0.0000000000
352800 0.0000000000
353400 0.0000000000
354000 0.0000000000
354600 0.0000000000
355200 0.0000000000
355800 0.0000000000
356400 0.0000000000
357000 0.0000000000
357600 0.0000000000
358200 0.0000000000
358800 0.0000000000
359400 0.0000000000
360000 0.0000000000
360600 0.0000000000
361200 0.0000000000
361800 0.0000000000
362400 0.0000000000
363000 0.0000000000
363600 0.0000000000
364200 0.0000000000
364800 0.0000000000
365400 0.0000000000
366000 0.0000000000
366600 0.0000000000
367200 0.0000000000
367800 0.0000000000
368400 0.0000000000
369000 0.0000000000
369600 0.0000000000
370200 0.0000000000
370800 0.0000000000
371400 0.0000000000
372000 0.0000000000
372600 0.0000000000
373200 0.0000000000
373800 0.0000000000
374400 0.0000000000
375000 0.0000000000
375600 0.0000000000
376200 0.0000000000
376800 0.0000000000
377400 0.0000000000
378000 0.0000000000
378600 0.0000000000
379200 0.0000000000
379800 0.0000000000
380400 0.0000000000
381000 0.0000000000
381600 0.0000000000
382200 0.0000000000
382800 0.0018000000
383400 0.0026000000
384000 0.0002000000
384600 0.0002000000
385200 0.0000000000
385800 0.0000000000
386400 0.0000000000
387000 0.0000000000
387600 0.0000000000
388200 0.0000000000
388800 0.0000000000
389400 0.0000000000
390000 0.0000000000
390600 0.0000000000
391200 0.0000000000
391800 0.0000000000
392400 0.0000000000
393000 0.0000000000
393600 0.0000000000
394200 0.0000000000
394800 0.0000000000
395400 0.0000000000
396000 0.0000000000
396600 0.0000000000
397200 0.0000000000
397800 0.0000000000
398400 0.0000000000
399000 0.0000000000
399600 0.0000000000
400200 0.0000000000
400800 0.0000000000
401400 0.0000000000
402000 0.0000000000
402600 0.0000000000
403200 0.0000000000
403800 0.0000000000
404400 0.0000000000
405000 0.0000000000
405600 0.0000000000
406200 0.0000000000
406800 0.0000000000
407400 0.0000000000
408000 0.0000000000
408600 0.0000000000
409200 0.0000000000
409800 0.0000000000
410400 0.0000000000
411000 0.0000000000
411600 0.0000000000
412200 0.0000000000
412800 0.0000000000
413400 0.0000000000
414000 0.0000000000
414600 0.0000000000
415200 0.0000000000
415800 0.0000000000
416400 0.0000000000
417000 0.0000000000
417600 0.0000000000
418200 0.0000000000
418800 0.0000000000
419400 0.0000000000
420000 0.0000000000
420600 0.0000000000
421200 0.0000000000
421800 0.0000000000
422400 0.0000000000
423000 0.0000000000
423600 0.0000000000
424200 0.0000000000
424800 0.0000000000
425400 0.0000000000
426000 0.0000000000
426600 0.0000000000
427200 0.0000000000
427800 0.0000000000
428400 0.0000000000
429000 0.0000000000
429600 0.0000000000
430200 0.0000000000
430800 0.0000000000
431400 0.0000000000
432000 0.0000000000
