# time relative humidity
0 0.9350086658945074
3600 0.9274924490477146
7200 0.9205870506101278
10800 0.9155290398530144
14400 0.9082351352790117
18000 0.8921339907097975
21600 0.881101663585543
25200 0.9008986528940321
28800 0.9051101476757913
32400 0.8952481539448385
36000 0.893853090504197
39600 0.9029505985375943
43200 0.8790074038955704
46800 0.8421994496683357
50400 0.8412994496683357
54000 0.8166994496683357 
57600 0.7903994496683357
61200 0.7512394496683357
64800 0.7523344496683357
68400 0.7554494496683357
72000 0.7452352346683357
75600 0.7312344496683357
79200 0.6851994496683357
82800 0.6342994496683357
