# time S_t
0 0.0
3600 0.08083337259368913
7200 47.402725170870234
10800 94.85866523033694
14400 139.2146096605901
18000 177.44777415037194
21600 206.9526317229956
25200 225.7184750939693
28800 232.4664430495836
32400 226.7366727252078
36000 208.91963849955488
39600 180.2295418110619
43200 142.6215653364231
46800 98.65863052226544
50400 47.40272517087023 
54000 47.40272517087023 
57600 47.40272517087023 
61200 60.12312312435455
64800 74.80937057896345
68400 90.12057635875847
72000 80.98639875423535
75600 60.18736598476598
79200 40.39865873658973
82800 10.23875623987687
