# time temperature 2m
0 11.051507568359398
3600 11.253274536132835
7200 12.090432739257835
10800 12.820275878906273
14400 13.189263916015648
18000 13.842797851562523
21600 12.86316833496096
25200 12.820245361328148
28800 12.810220336914085
32400 12.825723266601585
36000 12.94226989746096
39600 12.876855468750023
43200 13.11390075683596
46800 12.876428222656273
50400 12.86316833496096
54000 12.820245361328148
57600 12.810220336914085
61200 12.825723266601585
64800 12.94226989746096
68400 10.876855468750023
72000 9.11390075683596
75600 6.876428222656273
79200 5.123121515125
82800 5.1253478569876987
