# time wind speed 10m
0 1.1319790155005491
3600 0.9739242762402226
7200 1.1600485834622203
10800 1.0220027947390256
14400 1.4400426245170246
18000 1.843140101810134
21600 1.9511702242668623
25200 2.3931735532762803
28800 2.690325521790937
32400 3.065582220137078
36000 3.0391954522620455
39600 2.971567457140729
43200 3.02990154981091
46800 2.9300239682898064
50400 2.9511702242668623
54000 2.7931735532762803
57600 2.690325521790937
61200 2.065582220137078
64800 2.0391954522620455
68400 1.971567457140729
72000 1.52990154981091
75600 1.9300239682898064
79200 1.969875996859757
82800 1.786987609870987123
